0.00
8.00
14.00
22.00
9.00
17.00
23.00
31.00
15.00
23.00
29.00
37.00
24.00
32.00
38.00
46.00
15.00
23.00
29.00
37.00
24.00
32.00
38.00
46.00
30.00
38.00
44.00
52.00
39.00
47.00
53.00
61.00
10.00
18.00
24.00
32.00
19.00
27.00
33.00
41.00
25.00
33.00
39.00
47.00
34.00
42.00
48.00
56.00
25.00
33.00
39.00
47.00
34.00
42.00
48.00
56.00
40.00
48.00
54.00
62.00
49.00
57.00
63.00
71.00
14.00
22.00
28.00
36.00
23.00
31.00
37.00
45.00
29.00
37.00
43.00
51.00
38.00
46.00
52.00
60.00
29.00
37.00
43.00
51.00
38.00
46.00
52.00
60.00
44.00
52.00
58.00
66.00
53.00
61.00
67.00
75.00
24.00
32.00
38.00
46.00
33.00
41.00
47.00
55.00
39.00
47.00
53.00
61.00
48.00
56.00
62.00
70.00
39.00
47.00
53.00
61.00
48.00
56.00
62.00
70.00
54.00
62.00
68.00
76.00
63.00
71.00
77.00
85.00
8.00
16.00
22.00
30.00
17.00
25.00
31.00
39.00
23.00
31.00
37.00
45.00
32.00
40.00
46.00
54.00
23.00
31.00
37.00
45.00
32.00
40.00
46.00
54.00
38.00
46.00
52.00
60.00
47.00
55.00
61.00
69.00
18.00
26.00
32.00
40.00
27.00
35.00
41.00
49.00
33.00
41.00
47.00
55.00
42.00
50.00
56.00
64.00
33.00
41.00
47.00
55.00
42.00
50.00
56.00
64.00
48.00
56.00
62.00
70.00
57.00
65.00
71.00
79.00
22.00
30.00
36.00
44.00
31.00
39.00
45.00
53.00
37.00
45.00
51.00
59.00
46.00
54.00
60.00
68.00
37.00
45.00
51.00
59.00
46.00
54.00
60.00
68.00
52.00
60.00
66.00
74.00
61.00
69.00
75.00
83.00
32.00
40.00
46.00
54.00
41.00
49.00
55.00
63.00
47.00
55.00
61.00
69.00
56.00
64.00
70.00
78.00
47.00
55.00
61.00
69.00
56.00
64.00
70.00
78.00
62.00
70.00
76.00
84.00
71.00
79.00
85.00
93.00
0.00
9.00
19.00
28.00
10.00
19.00
29.00
38.00
4.00
13.00
23.00
32.00
14.00
23.00
33.00
42.00
5.00
14.00
24.00
33.00
15.00
24.00
34.00
43.00
9.00
18.00
28.00
37.00
19.00
28.00
38.00
47.00
11.00
20.00
30.00
39.00
21.00
30.00
40.00
49.00
15.00
24.00
34.00
43.00
25.00
34.00
44.00
53.00
16.00
25.00
35.00
44.00
26.00
35.00
45.00
54.00
20.00
29.00
39.00
48.00
30.00
39.00
49.00
58.00
19.00
28.00
38.00
47.00
29.00
38.00
48.00
57.00
23.00
32.00
42.00
51.00
33.00
42.00
52.00
61.00
24.00
33.00
43.00
52.00
34.00
43.00
53.00
62.00
28.00
37.00
47.00
56.00
38.00
47.00
57.00
66.00
30.00
39.00
49.00
58.00
40.00
49.00
59.00
68.00
34.00
43.00
53.00
62.00
44.00
53.00
63.00
72.00
35.00
44.00
54.00
63.00
45.00
54.00
64.00
73.00
39.00
48.00
58.00
67.00
49.00
58.00
68.00
77.00
9.00
18.00
28.00
37.00
19.00
28.00
38.00
47.00
13.00
22.00
32.00
41.00
23.00
32.00
42.00
51.00
14.00
23.00
33.00
42.00
24.00
33.00
43.00
52.00
18.00
27.00
37.00
46.00
28.00
37.00
47.00
56.00
20.00
29.00
39.00
48.00
30.00
39.00
49.00
58.00
24.00
33.00
43.00
52.00
34.00
43.00
53.00
62.00
25.00
34.00
44.00
53.00
35.00
44.00
54.00
63.00
29.00
38.00
48.00
57.00
39.00
48.00
58.00
67.00
28.00
37.00
47.00
56.00
38.00
47.00
57.00
66.00
32.00
41.00
51.00
60.00
42.00
51.00
61.00
70.00
33.00
42.00
52.00
61.00
43.00
52.00
62.00
71.00
37.00
46.00
56.00
65.00
47.00
56.00
66.00
75.00
39.00
48.00
58.00
67.00
49.00
58.00
68.00
77.00
43.00
52.00
62.00
71.00
53.00
62.00
72.00
81.00
44.00
53.00
63.00
72.00
54.00
63.00
73.00
82.00
48.00
57.00
67.00
76.00
58.00
67.00
77.00
86.00
0.00
5.00
31.00
36.00
6.00
11.00
37.00
42.00
1.00
6.00
32.00
37.00
7.00
12.00
38.00
43.00
1.00
6.00
32.00
37.00
7.00
12.00
38.00
43.00
2.00
7.00
33.00
38.00
8.00
13.00
39.00
44.00
6.00
11.00
37.00
42.00
12.00
17.00
43.00
48.00
7.00
12.00
38.00
43.00
13.00
18.00
44.00
49.00
7.00
12.00
38.00
43.00
13.00
18.00
44.00
49.00
8.00
13.00
39.00
44.00
14.00
19.00
45.00
50.00
31.00
36.00
62.00
67.00
37.00
42.00
68.00
73.00
32.00
37.00
63.00
68.00
38.00
43.00
69.00
74.00
32.00
37.00
63.00
68.00
38.00
43.00
69.00
74.00
33.00
38.00
64.00
69.00
39.00
44.00
70.00
75.00
37.00
42.00
68.00
73.00
43.00
48.00
74.00
79.00
38.00
43.00
69.00
74.00
44.00
49.00
75.00
80.00
38.00
43.00
69.00
74.00
44.00
49.00
75.00
80.00
39.00
44.00
70.00
75.00
45.00
50.00
76.00
81.00
6.00
11.00
37.00
42.00
12.00
17.00
43.00
48.00
7.00
12.00
38.00
43.00
13.00
18.00
44.00
49.00
7.00
12.00
38.00
43.00
13.00
18.00
44.00
49.00
8.00
13.00
39.00
44.00
14.00
19.00
45.00
50.00
12.00
17.00
43.00
48.00
18.00
23.00
49.00
54.00
13.00
18.00
44.00
49.00
19.00
24.00
50.00
55.00
13.00
18.00
44.00
49.00
19.00
24.00
50.00
55.00
14.00
19.00
45.00
50.00
20.00
25.00
51.00
56.00
37.00
42.00
68.00
73.00
43.00
48.00
74.00
79.00
38.00
43.00
69.00
74.00
44.00
49.00
75.00
80.00
38.00
43.00
69.00
74.00
44.00
49.00
75.00
80.00
39.00
44.00
70.00
75.00
45.00
50.00
76.00
81.00
43.00
48.00
74.00
79.00
49.00
54.00
80.00
85.00
44.00
49.00
75.00
80.00
50.00
55.00
81.00
86.00
44.00
49.00
75.00
80.00
50.00
55.00
81.00
86.00
45.00
50.00
76.00
81.00
51.00
56.00
82.00
87.00
0.00
9.00
6.00
15.00
10.00
19.00
16.00
25.00
18.00
27.00
24.00
33.00
28.00
37.00
34.00
43.00
18.00
27.00
24.00
33.00
28.00
37.00
34.00
43.00
36.00
45.00
42.00
51.00
46.00
55.00
52.00
61.00
10.00
19.00
16.00
25.00
20.00
29.00
26.00
35.00
28.00
37.00
34.00
43.00
38.00
47.00
44.00
53.00
28.00
37.00
34.00
43.00
38.00
47.00
44.00
53.00
46.00
55.00
52.00
61.00
56.00
65.00
62.00
71.00
5.00
14.00
11.00
20.00
15.00
24.00
21.00
30.00
23.00
32.00
29.00
38.00
33.00
42.00
39.00
48.00
23.00
32.00
29.00
38.00
33.00
42.00
39.00
48.00
41.00
50.00
47.00
56.00
51.00
60.00
57.00
66.00
15.00
24.00
21.00
30.00
25.00
34.00
31.00
40.00
33.00
42.00
39.00
48.00
43.00
52.00
49.00
58.00
33.00
42.00
39.00
48.00
43.00
52.00
49.00
58.00
51.00
60.00
57.00
66.00
61.00
70.00
67.00
76.00
10.00
19.00
16.00
25.00
20.00
29.00
26.00
35.00
28.00
37.00
34.00
43.00
38.00
47.00
44.00
53.00
28.00
37.00
34.00
43.00
38.00
47.00
44.00
53.00
46.00
55.00
52.00
61.00
56.00
65.00
62.00
71.00
20.00
29.00
26.00
35.00
30.00
39.00
36.00
45.00
38.00
47.00
44.00
53.00
48.00
57.00
54.00
63.00
38.00
47.00
44.00
53.00
48.00
57.00
54.00
63.00
56.00
65.00
62.00
71.00
66.00
75.00
72.00
81.00
15.00
24.00
21.00
30.00
25.00
34.00
31.00
40.00
33.00
42.00
39.00
48.00
43.00
52.00
49.00
58.00
33.00
42.00
39.00
48.00
43.00
52.00
49.00
58.00
51.00
60.00
57.00
66.00
61.00
70.00
67.00
76.00
25.00
34.00
31.00
40.00
35.00
44.00
41.00
50.00
43.00
52.00
49.00
58.00
53.00
62.00
59.00
68.00
43.00
52.00
49.00
58.00
53.00
62.00
59.00
68.00
61.00
70.00
67.00
76.00
71.00
80.00
77.00
86.00
0.00
6.00
2.00
8.00
7.00
13.00
9.00
15.00
29.00
35.00
31.00
37.00
36.00
42.00
38.00
44.00
29.00
35.00
31.00
37.00
36.00
42.00
38.00
44.00
58.00
64.00
60.00
66.00
65.00
71.00
67.00
73.00
7.00
13.00
9.00
15.00
14.00
20.00
16.00
22.00
36.00
42.00
38.00
44.00
43.00
49.00
45.00
51.00
36.00
42.00
38.00
44.00
43.00
49.00
45.00
51.00
65.00
71.00
67.00
73.00
72.00
78.00
74.00
80.00
1.00
7.00
3.00
9.00
8.00
14.00
10.00
16.00
30.00
36.00
32.00
38.00
37.00
43.00
39.00
45.00
30.00
36.00
32.00
38.00
37.00
43.00
39.00
45.00
59.00
65.00
61.00
67.00
66.00
72.00
68.00
74.00
8.00
14.00
10.00
16.00
15.00
21.00
17.00
23.00
37.00
43.00
39.00
45.00
44.00
50.00
46.00
52.00
37.00
43.00
39.00
45.00
44.00
50.00
46.00
52.00
66.00
72.00
68.00
74.00
73.00
79.00
75.00
81.00
6.00
12.00
8.00
14.00
13.00
19.00
15.00
21.00
35.00
41.00
37.00
43.00
42.00
48.00
44.00
50.00
35.00
41.00
37.00
43.00
42.00
48.00
44.00
50.00
64.00
70.00
66.00
72.00
71.00
77.00
73.00
79.00
13.00
19.00
15.00
21.00
20.00
26.00
22.00
28.00
42.00
48.00
44.00
50.00
49.00
55.00
51.00
57.00
42.00
48.00
44.00
50.00
49.00
55.00
51.00
57.00
71.00
77.00
73.00
79.00
78.00
84.00
80.00
86.00
7.00
13.00
9.00
15.00
14.00
20.00
16.00
22.00
36.00
42.00
38.00
44.00
43.00
49.00
45.00
51.00
36.00
42.00
38.00
44.00
43.00
49.00
45.00
51.00
65.00
71.00
67.00
73.00
72.00
78.00
74.00
80.00
14.00
20.00
16.00
22.00
21.00
27.00
23.00
29.00
43.00
49.00
45.00
51.00
50.00
56.00
52.00
58.00
43.00
49.00
45.00
51.00
50.00
56.00
52.00
58.00
72.00
78.00
74.00
80.00
79.00
85.00
81.00
87.00
0.00
11.00
10.00
21.00
12.00
23.00
22.00
33.00
9.00
20.00
19.00
30.00
21.00
32.00
31.00
42.00
9.00
20.00
19.00
30.00
21.00
32.00
31.00
42.00
18.00
29.00
28.00
39.00
30.00
41.00
40.00
51.00
12.00
23.00
22.00
33.00
24.00
35.00
34.00
45.00
21.00
32.00
31.00
42.00
33.00
44.00
43.00
54.00
21.00
32.00
31.00
42.00
33.00
44.00
43.00
54.00
30.00
41.00
40.00
51.00
42.00
53.00
52.00
63.00
10.00
21.00
20.00
31.00
22.00
33.00
32.00
43.00
19.00
30.00
29.00
40.00
31.00
42.00
41.00
52.00
19.00
30.00
29.00
40.00
31.00
42.00
41.00
52.00
28.00
39.00
38.00
49.00
40.00
51.00
50.00
61.00
22.00
33.00
32.00
43.00
34.00
45.00
44.00
55.00
31.00
42.00
41.00
52.00
43.00
54.00
53.00
64.00
31.00
42.00
41.00
52.00
43.00
54.00
53.00
64.00
40.00
51.00
50.00
61.00
52.00
63.00
62.00
73.00
11.00
22.00
21.00
32.00
23.00
34.00
33.00
44.00
20.00
31.00
30.00
41.00
32.00
43.00
42.00
53.00
20.00
31.00
30.00
41.00
32.00
43.00
42.00
53.00
29.00
40.00
39.00
50.00
41.00
52.00
51.00
62.00
23.00
34.00
33.00
44.00
35.00
46.00
45.00
56.00
32.00
43.00
42.00
53.00
44.00
55.00
54.00
65.00
32.00
43.00
42.00
53.00
44.00
55.00
54.00
65.00
41.00
52.00
51.00
62.00
53.00
64.00
63.00
74.00
21.00
32.00
31.00
42.00
33.00
44.00
43.00
54.00
30.00
41.00
40.00
51.00
42.00
53.00
52.00
63.00
30.00
41.00
40.00
51.00
42.00
53.00
52.00
63.00
39.00
50.00
49.00
60.00
51.00
62.00
61.00
72.00
33.00
44.00
43.00
54.00
45.00
56.00
55.00
66.00
42.00
53.00
52.00
63.00
54.00
65.00
64.00
75.00
42.00
53.00
52.00
63.00
54.00
65.00
64.00
75.00
51.00
62.00
61.00
72.00
63.00
74.00
73.00
84.00
0.00
10.00
9.00
19.00
11.00
21.00
20.00
30.00
9.00
19.00
18.00
28.00
20.00
30.00
29.00
39.00
9.00
19.00
18.00
28.00
20.00
30.00
29.00
39.00
18.00
28.00
27.00
37.00
29.00
39.00
38.00
48.00
10.00
20.00
19.00
29.00
21.00
31.00
30.00
40.00
19.00
29.00
28.00
38.00
30.00
40.00
39.00
49.00
19.00
29.00
28.00
38.00
30.00
40.00
39.00
49.00
28.00
38.00
37.00
47.00
39.00
49.00
48.00
58.00
9.00
19.00
18.00
28.00
20.00
30.00
29.00
39.00
18.00
28.00
27.00
37.00
29.00
39.00
38.00
48.00
18.00
28.00
27.00
37.00
29.00
39.00
38.00
48.00
27.00
37.00
36.00
46.00
38.00
48.00
47.00
57.00
19.00
29.00
28.00
38.00
30.00
40.00
39.00
49.00
28.00
38.00
37.00
47.00
39.00
49.00
48.00
58.00
28.00
38.00
37.00
47.00
39.00
49.00
48.00
58.00
37.00
47.00
46.00
56.00
48.00
58.00
57.00
67.00
10.00
20.00
19.00
29.00
21.00
31.00
30.00
40.00
19.00
29.00
28.00
38.00
30.00
40.00
39.00
49.00
19.00
29.00
28.00
38.00
30.00
40.00
39.00
49.00
28.00
38.00
37.00
47.00
39.00
49.00
48.00
58.00
20.00
30.00
29.00
39.00
31.00
41.00
40.00
50.00
29.00
39.00
38.00
48.00
40.00
50.00
49.00
59.00
29.00
39.00
38.00
48.00
40.00
50.00
49.00
59.00
38.00
48.00
47.00
57.00
49.00
59.00
58.00
68.00
19.00
29.00
28.00
38.00
30.00
40.00
39.00
49.00
28.00
38.00
37.00
47.00
39.00
49.00
48.00
58.00
28.00
38.00
37.00
47.00
39.00
49.00
48.00
58.00
37.00
47.00
46.00
56.00
48.00
58.00
57.00
67.00
29.00
39.00
38.00
48.00
40.00
50.00
49.00
59.00
38.00
48.00
47.00
57.00
49.00
59.00
58.00
68.00
38.00
48.00
47.00
57.00
49.00
59.00
58.00
68.00
47.00
57.00
56.00
66.00
58.00
68.00
67.00
77.00
