11884925
20260
6521
415
14460
38056
58174
24622
26716
108320
116877
46269
23277
14645
30602
43502
15117
7894
48770
61505
27455
19343
26158
46078
45968
25286
5316
11828
39904
40531
27389
46195
48539
42499
19445
9532
16196
46072
41430
30437
17154
20126
22529
20290
13955
19360
42657
46004
21302
11649
5984
14593
21038
18084
23710
23736
32007
7643
5877
6460
23852
35249
27006
10729
13885
5089
6108
3560
13058
18888
28297
19349
668
596
3685
8254
7812
3681
13727
13154
117
142
71
10807
10726
22467
113
7
0
0
0
0
0
341833
0
0
0
0
0
0
